59696
58545
27024
63816
25969
20739
42150
1704
61926
15286
50866
35877
32086
28518
64545
21780
17838
15352
11838
39267
15022
16683
9504
4473
21314
63659
29541
1554
43041
51655
64506
19511
18543
15838
25654
25845
252
13313
2272
42967
16957
22672
33400
21820
5363
21166
36750
11283
38726
64011
29263
3099
54512
60263
48160
54339
21056
11773
58912
64232
17536
34774
25383
58651
63460
5891
30366
14817
9404
51802
42619
61397
8384
10645
9447
40376
44742
19238
54119
19251
17562
59784
15383
9355
40249
54050
64029
46319
21100
49809
59081
46313
38176
25123
4506
49281
21806
28806
5212
2
47183
52809
63084
45664
29416
36935
14588
46639
52281
62113
13814
26905
2245
24192
2756
9058
59814
21321
25382
65507
33830
23998
40307
46902
6857
54718
42187
59537
56804
39296
9621
62125
42678
44046
18664
21762
19020
32830
15120
46028
2603
55838
27573
60021
50557
55951
43637
56745
50980
52274
11324
58208
41263
14826
50064
59813
17861
20076
31668
63145
7703
21932
39690
1236
64115
54525
20488
38250
26723
12634
58403
64209
58949
27934
58683
21151
1033
37708
57040
21899
20494
57135
50302
37473
53984
18235
21952
51141
17845
33405
31549
61571
25541
58458
53027
11850
3745
907
18296
10452
10041
21236
57894
12826
14683
58866
33311
44348
31550
6589
6784
56341
22470
56098
15183
32890
15719
36683
62102
14559
52852
8089
20393
24151
46936
26722
13302
33285
21772
61545
14622
46186
18218
49170
32066
8095
59073
54034
230
28892
6775
41672
50122
15351
60234
55821
898
14017
45053
22999
26215
37114
20967
18585
43771
6649
39195
12565
52821
36193
12623
63632
57030
40612
8605
13463
43559
60916
16550
44392
44015
23201
6545
28838
34319
27976
9943
4005
37766
16810
64037
37492
58383
15065
11998
25682
103
22271
954
25647
64980
32864
26859
13396
41162
14763
49341
33653
2387
23245
41328
65450
50009
49885
36323
56659
12378
21062
57467
51426
25230
47084
26080
61248
27326
35584
21739
48491
15538
25570
13238
35018
4567
40684
43107
32632
12736
50875
23602
52706
21339
20096
47636
40613
9198
60088
1081
34307
41192
64793
42931
40084
49849
55905
55022
22676
55492
15287
56636
29485
64422
42014
46052
29518
11161
31516
40277
62012
18207
53894
47840
15238
45624
23686
5488
29331
43793
49870
40910
6031
15796
65173
39428
19699
6209
19691
3841
4531
11093
4618
6263
15192
47735
17239
12004
4711
60726
30834
9620
19316
61162
27285
63897
45999
34704
44285
20647
20845
55200
43730
15940
15343
31232
15869
35988
55857
60833
26706
38653
8835
27481
11209
37264
29937
34604
8571
34203
40176
30136
6175
4929
52118
607
43945
14046
6020
8189
53035
34935
27194
10215
43570
8355
10402
59615
55744
2760
17933
25791
9514
52526
33335
50993
30351
34216
3097
44300
30687
43696
41197
10781
36423
1511
206
13721
10528
41878
32051
54107
62718
31641
49510
46211
41399
39247
20011
23741
37189
43480
34918
34073
8113
39043
33543
22918
53184
20709
44759
56839
46951
49920
29559
52067
8255
55445
1040
17473
44372
30919
60456
4625
6034
57878
15886
34895
63015
16128
43128
37870
14241
12653
13512
59116
13494
16586
65247
7439
19853
20552
54004
22815
8103
2849
33202
22932
52176
9460
42792
47925
54014
21075
6717
57177
33965
31136
51287
13648
13290
9410
12381
62003
44899
6460
20741
15201
14198
60390
50450
36188
12534
47247
3270
36306
36608
466
700
17357
46973
23401
5073
57138
63384
28336
43499
14477
21831
18163
63676
9881
11174
38635
60927
51014
61264
56218
56514
12723
16512
16397
51468
29858
202
57864
14084
48262
3016
22397
35489
25927
60351
61477
23486
12412
1728
21409
27004
59758
19721
35881
55397
12093
2025
56597
11341
41572
36903
40223
35337
14685
5529
43776
37379
26242
19883
35181
60311
5106
34410
8877
65099
20326
54603
7494
31159
2957
40601
22514
4927
19825
41679
62483
12915
54832
56258
33050
19820
13016
25443
43319
9953
41280
10907
52805
27563
26582
40720
34241
52590
52103
21639
55688
26744
24766
4179
47602
17314
59067
3372
37427
3768
32262
12842
29338
63063
57145
10859
39691
49194
13700
37630
17346
14294
37842
47959
36961
55268
17272
2373
29478
9041
47833
58647
36938
12197
10527
64712
42601
52634
44259
42701
44142
45780
28131
38370
23057
11040
37080
59367
41519
38516
61288
51760
20395
17300
28739
32379
21268
49523
3086
60527
53944
17325
60942
11664
64704
11529
39585
39835
19751
48638
46357
62842
7397
35096
29009
43899
9619
62419
14129
29348
17143
15556
46387
59188
19078
20341
170
29038
52880
61356
19155
23695
8041
20846
46915
20481
48831
9343
34728
13568
47356
4744
55099
16702
17352
4566
45938
65457
30816
9395
25588
1566
47611
53909
65479
46601
7459
3347
3374
15671
4531
15146
23395
45696
22490
51657
48375
64059
28067
7547
60918
18355
49186
54871
7618
61843
60916
35166
6283
41984
53807
59808
27466
9855
13302
41939
36293
13364
16687
14555
52273
46173
10054
894
29826
50685
32050
25366
34167
65005
60098
7424
36527
16689
50269
18697
37961
18373
48298
11821
3410
60705
30863
64859
40383
34118
45755
17230
4630
56704
48073
43421
44920
59849
57391
26081
56807
20640
34556
48283
65350
41419
30955
49291
21349
32518
34832
63176
45896
62034
62023
34854
49972
39569
5438
61925
48936
57059
63284
50735
61303
33221
27936
37154
3671
24744
17075
46313
54024
63975
19457
24418
34440
11179
6369
14856
35
6404
39002
16733
59578
63823
9219
12478
22944
59151
35205
2503
14993
20829
61528
41060
33027
9124
13578
28090
11482
54604
7850
45365
37602
35891
57375
36875
59244
9131
43729
11462
45684
62606
52272
55876
48582
33734
20647
39981
29779
543
30350
8809
37670
44017
12074
41496
28603
24654
27807
11472
8176
7954
18109
808
7362
53964
59172
29084
56724
53331
21709
60263
44400
41169
22643
44476
6507
63004
56392
25512
48800
29325
64194
12133
37405
14264
57259
38431
38160
57411
13524
65146
3730
43838
61085
30097
6675
41186
23722
63829
36996
27571
44617
38609
62150
31761
63762
48856
8234
59760
61698
37001
56250
57838
9251
50901
45471
31044
50910
368
60014
20757
6675
23055
20466
4323
44606
29028
29987
33169
20720
13182
36101
37257
12432
40482
10436
41439
44826
29845
12461
31742
